[-1.09964265]
[0.41040867]
[0.85045056]
[0.59557445]
[1.37193826]
[-0.75168585]
-0.002174813589290725
0.9626840224649125
0.6223993497321678
0.2432862186099265
0.5521330074419739
-0.299168859843187
0.04553392510301402
0.5611569555474043
-0.9552677255195938
0.1271966883331097
-0.9780056994826154
-0.7875610588083866
[-0.7504466]
[0.53133243]
[-1.5861355]
[-0.13517655]
0.5942264820414949
0.702918401993113
-0.8684241625995786
-0.981124614688115
0.06986585673484313
0.11536247511603737
0.9716659001189669
0.32576437587699414
0.26799314378872463
0.2707373046547741
0.3359217679738331
0.5351824203410458
0.2193933420810048
-0.6572199160071903
-0.5887185425540991
0.35645917208721345
-0.7833877051719833
-0.29267458057382867
0.9234201359817351
0.5780475787829922
-0.957883681978418
-0.724916743011526
-0.9424652005694887
0.8882946252418769
